%YAML:1.0

cam0:
  T_imu_cam: #rotation from camera to IMU R_CtoI, position of camera in IMU p_CinI
    # /imu/imu
    - [   0.02183084, -0.01312053,  0.99967558,  0.00552943]
    - [   0.99975965,  0.00230088, -0.02180248, -0.12431302]
    - [  -0.00201407,  0.99991127,  0.01316761,  0.01614686]
    - [   0.00000000,  0.00000000,  0.00000000,  1.00000000]

    # # /os1_cloud_node1/imu
    # - [     0.021831,   -0.013121,     0.99968,   0.055529]
    # - [      0.99976,   0.0023009,   -0.021802,   -0.12431]
    # - [   -0.0020141,     0.99991,    0.013168,  -0.038853]
    # - [    0.0000000,  0.00000000,  0.00000000,  1.0000000]
  cam_overlaps: [1]
  camera_model: pinhole
  distortion_coeffs: [-0.288105327549552, 0.074578284234601, 7.784489598138802e-04,-2.277853975035461e-04]
  distortion_model: radtan
  intrinsics: [4.250258563372763e+02, 4.267976260903337e+02, 3.860151866550880e+02, 2.419130336743440e+02] #fu, fv, cu, cv
  resolution: [752, 480]
  rostopic: /left/image_raw
# cam1:
#   T_imu_cam: #rotation from camera to IMU R_CtoI, position of camera in IMU p_CinI
#     - [0.0125552670891, -0.999755099723, 0.0182237714554, -0.0198435579556]
#     - [0.999598781151, 0.0130119051815, 0.0251588363115, 0.0453689425024]
#     - [-0.0253898008918, 0.0179005838253, 0.999517347078, 0.00786212447038]
#     - [0.0, 0.0, 0.0, 1.0]
#   cam_overlaps: [0]
#   camera_model: pinhole
#   distortion_coeffs: [-0.28368365,0.07451284,-0.00010473,-3.55590700e-05]
#   distortion_model: radtan
#   intrinsics: [457.587, 456.134, 379.999, 255.238] #fu, fv, cu, cv
#   resolution: [752, 480]
#   rostopic: /cam1/image_raw