%YAML:1.0

cam0:
  T_imu_cam: #rotation from camera to IMU R_CtoI, position of camera in IMU p_CinI
    - [0.999995623076038     ,  0.00247196751968662   ,  -0.00162577436817581,-0.0307]
    - [0.00159172478912904     ,   0.0137123514380993   ,     0.999904715395652,0.3177]
    - [0.00249402043268355     ,   -0.999902929351812   ,    0.0137083637666066,0.05349162]
    - [0.0, 0.0, 0.0, 1.0]
  cam_overlaps: [1]
  camera_model: pinhole
  distortion_coeffs: [-0.08116121408175185,0.3634445516554271,0.00015894104082034115,0.0007295381347354688]
  distortion_model: radtan
  intrinsics: [1155.3798161925529,1157.6537409838597,514.5749725873566,398.0837659988261] #fu, fv, cu, cv
  resolution: [1024, 768]
  rostopic: /cam0/image_raw
cam1:
  T_imu_cam: #rotation from camera to IMU R_CtoI, position of camera in IMU p_CinI
    - [         0.999925364292455     ,  0.00170779438569742      ,   0.012097958084164   ,      0.237179876404242]
    - [       -0.0121251132764843     ,   0.0169037905192623      ,   0.999783603858253   ,       0.31423255379307]
    - [       0.00150292272370655     ,   -0.999855667577844      ,  0.0169232501278694   ,     0.0534432364555315]
    - [                       0.0     ,                  0.0      ,                 0.0  ,                     1.0]
  cam_overlaps: [0]
  camera_model: pinhole
  distortion_coeffs: [-0.08703616782297424,0.35603847610826034,0.0008297174212035335,0.0012167432631498595]
  distortion_model: radtan
  intrinsics: [1165.5980462505995,1167.848268520306,519.417011170819,401.8162412742674] #fu, fv, cu, cv
  resolution: [1024, 768]
  rostopic: /cam1/image_raw