%YAML:1.0

cam0:
  T_imu_cam: #rotation from camera to IMU R_CtoI, position of camera in IMU p_CinI
    - [0.99997996,  0.00411278, -0.00481374, -0.15325599]
    - [0.00474281,  0.01708593,  0.99984278,  0.1959945]
    - [0.00419438, -0.99984557,  0.01706608,  0.05349162]
    - [0.0, 0.0, 0.0, 1.0]
  cam_overlaps: [1]
  camera_model: pinhole
  distortion_coeffs: [-0.08116121408175185,0.3634445516554271,0.00015894104082034115,0.0007295381347354688]
  distortion_model: radtan
  intrinsics: [1155.3798161925529,1157.6537409838597,514.5749725873566,398.0837659988261] #fu, fv, cu, cv
  resolution: [1024, 768]
  rostopic: /cam0/image_raw
  timeshift_cam_imu: 0.0
cam1:
  T_imu_cam: #rotation from camera to IMU R_CtoI, position of camera in IMU p_CinI
    - [   0.999954787429614,0.00333843066495833,0.00890487249525669, 0.114633222135405]
    - [-0.00897076763454549,   0.02027476157094,  0.999754207960116, 0.193373623149034]
    - [ 0.00315706944639542, -0.999788877787525, 0.0203037987510971,0.0538856488733621]
    - [0.0, 0.0, 0.0, 1.0]
  cam_overlaps: [0]
  camera_model: pinhole
  distortion_coeffs: [-0.08703616782297424,0.35603847610826034,0.0008297174212035335,0.0012167432631498595]
  distortion_model: radtan
  intrinsics: [1165.5980462505995,1167.848268520306,519.417011170819,401.8162412742674] #fu, fv, cu, cv
  resolution: [1024, 768]
  rostopic: /cam1/image_raw
  timeshift_cam_imu: 0.0