%YAML:1.0

cam0:
  T_imu_cam: #rotation from camera to IMU R_CtoI, position of camera in IMU p_CinI
    - [          0.999991997871434      ,  0.0028127481910188      , -0.0028447567052836     ,   -0.141094011006928]
    - [       0.00281274819101881      ,   0.011319010856888      ,   0.999931981907188     ,    0.292544868935137]
    - [        0.0028447567052836      ,  -0.999931981907187      ,  0.0113110087283217     ,   0.0949209129628481]
    - [                         0      ,                   0      ,                   0     ,                    1]
  cam_overlaps: [1]
  camera_model: pinhole
  distortion_coeffs: [-0.08116121408175185,0.3634445516554271,0.00015894104082034115,0.0007295381347354688]
  distortion_model: radtan
  intrinsics: [1155.3798161925529,1157.6537409838597,514.5749725873566,398.0837659988261] #fu, fv, cu, cv
  resolution: [1024, 768]
  rostopic: /cam0/image_raw
cam1:
  T_imu_cam: #rotation from camera to IMU R_CtoI, position of camera in IMU p_CinI
    - [         0.999938748400449  ,     0.00204468373232579     ,   0.0108779625923732    ,     0.126789878288869]
    - [       -0.0109065009057473  ,       0.014509623163961     ,    0.999835250493748    ,     0.289402808743763]
    - [       0.00188651580259472  ,      -0.999892640990934     ,   0.0145310418333151    ,    0.0949758205276496]
    - [                         0  ,                       0     ,                    0    ,                     1]
  cam_overlaps: [0]
  camera_model: pinhole
  distortion_coeffs: [-0.08703616782297424,0.35603847610826034,0.0008297174212035335,0.0012167432631498595]
  distortion_model: radtan
  intrinsics: [1165.5980462505995,1167.848268520306,519.417011170819,401.8162412742674] #fu, fv, cu, cv
  resolution: [1024, 768]
  rostopic: /cam1/image_raw