%YAML:1.0

cam0:
  T_imu_cam: #rotation from camera to IMU R_CtoI, position of camera in IMU p_CinI
    # lidar imu, cam1

    - [   0.00985832498360807    , -0.000999064921799423    ,     0.999950906443811    ,    0.0966617559036616]
    - [    -0.999948748139787    ,   0.00229558606890004    ,   0.00986059725741602    ,    0.0432128245357018]
    - [  -0.00230532474724422    ,     -0.99999686607203    , -0.000976383084368633    ,   -0.0308138416866885]
    - [                     0    ,                     0    ,                     0    ,                     1]

  cam_overlaps: [1]
  camera_model: pinhole
  distortion_coeffs: [-0.039027237686972804, -0.007007232658408612, 0.004840825566050042, -0.001621433395224995]
  distortion_model: equidistant
  intrinsics: [353.6540189302263, 353.01548372647176, 362.4407167511296, 288.4941881913415]
  resolution: [720, 540]
  rostopic: /alphasense_driver_ros/cam1

cam1:
  T_imu_cam: #rotation from camera to IMU R_CtoI, position of camera in IMU p_CinI
    # lidar imu, cam0

    - [      -0.00107028711074764    ,  -0.00780703713844007   ,      0.999968951846316   ,    0.0972292834887187]
    - [        -0.999977509947494    ,   -0.0066121778626679   ,   -0.00112191939159989   ,   -0.0679567551244408]
    - [          0.00662073143311    ,    -0.999947663267949   ,   -0.00779978462902446   ,   -0.0315604588839471]
    - [                         0    ,                     0   ,                      0   ,                     1]

  cam_overlaps: [0]
  camera_model: pinhole
  distortion_coeffs: [-0.03908623683636908, -0.008364734078508202, 0.006865315014140142, -0.0022325156415695015]
  distortion_model: equidistant
  intrinsics: [353.83530850045827, 353.08084839605925, 354.9603638484091, 261.96623968254306]
  resolution: [720, 540]
  rostopic: /alphasense_driver_ros/cam0
